+79357552372
+79715220753
+79085334001
+79751446374
+79827548630
+79150546130
+79401254051
+79026883483
+79533558484
+79121330577
+79256248661
+79215505340
+79573266082
+79067521512
+79637487716
+79852488008
+79307815550
+79257407360
+79118535813
+79056852211
+79361272745
+79844312788
+79875280150
+79330417680
+79772668806
+79763306322
+79406001140
+79532552100
+79511628338
+79682318527
+79266052735
+79310110570
+79166666235
+79712203372
+79245878281
+79856263734
+79150071501
+79310572722
+79328746437
+79754846712
+79126427687
+79027334030
+79521344274
+79645375068
+79580114740
+79041871528
+79166224283
+79264236444
+79031550312
+79275464578
+79235572146
+79571432548
+79751670101
+79678854621
+79745840263
+79163272571
+79744536036
+79751561170
+79271131502
+79738636386
+79621770240
+79148118128
+79051282428
+79702427345
+79740178134
+79252041632
+79532734143
+79762176336
+79877114716
+79665078460
+79301483426
+79216551464
+79431602736
+79767360502
+79538367740
+79801350383
+79850865664
+79773605783
+79516284273
+79531786653
+79256268285
+79520456677
+79556568203
+79308603252
+79523700765
+79216410700
+79668705588
+79671610405
+79475560288
+79587778247
+79271610107
+79358601432
+79408841608
+79078236111
+79465446183
+79078634573
+79823801002
+79712257886
+79685265761
+79023454217
+79746333326
+79061074687
+79765612086
+79725683004
+79034174768
+79804875534
+79203323558
+79136606864
+79367183308
+79274805868
+79150042463
+79118680126
+79611882436
+79412172770
+79421562017
+79857476825
+79616751484
+79003571050
+79404876347
+79783415605
+79355006681
+79426641641
+79073831260
+79057687450
+79330717471
+79104176452
+79241463663
+79373727121
+79025435815
+79476022511
+79785614310
+79727605533
+79560545717
+79524021522
+79431101418
+79667147803
+79013078667
+79468616200
+79135703504
+79847612640
+79844243304
+79805083765
+79711037362
+79075505525
+79488240850
+79884373672
+79880676021
+79720835737
+79546006737
+79660281353
+79470122702
+79804844403
+79577373825
+79153856225
+79642320373
+79371568667
+79518528663
+79804661864
+79115680054
+79357317851
+79502264646
+79851860355
+79171755320
+79448560825
+79274104208
+79238705277
+79074573318
+79728103317
+79006545518
+79164337183
+79158068546
+79013448617
+79032706424
+79348080014
+79703700758
+79562551014
+79125153418
+79782242380
+79413103785
+79178607577
+79764837006
+79621016158
+79002225723
+79008366341
+79547500605
+79315254847
+79553701308
+79724456440
+79148241840
+79774341868
+79763610087
+79074860370
+79720175051
+79337358767
+79532815385
+79480406104
+79757655764
+79861510263
+79670368045
+79082014380
+79877604031
+79387022331
+79338860877
+79284621027
+79407432755
+79705866385
+79101661674
+79565588473
+79380511317
+79122722582
+79673574717
+79810647380
+79458825355
+79273300660
+79060568238
+79636333203
+79264611753
+79450887722
+79887867561
+79873000638
+79424861567
+79764751120
+79438614086
+79844824730
+79602530068
+79602287010
+79861077352
+79284801132
+79670863537
+79464670475
+79761416667
+79360014523
+79000634888
+79640441526
+79026228515
+79734015647
+79402541782
+79782837640
+79566112815
+79363478211
+79437443672
+79378635406
+79128863532
+79721262611
+79111343042
+79562787217
+79255471074
+79111681337
+79466581005
+79883285345
+79463025783
+79076035863
+79056336418
+79071524585
+79434168701
+79874732137
+79703551671
+79235244842
+79888653452
+79323748567
+79277238745
+79553878823
+79814010824
+79638566665
+79455081670
+79743481565
+79316630300
+79507621236
+79782322007
+79124700134
+79872457007
+79112214477
+79208462227
+79570757525
+79332321488
+79570832173
+79540812032
+79624357704
+79476606363
+79654757407
+79441038865
+79321103668
+79674354727
+79785675034
+79244772103
+79154008771
+79318511016
+79053516742
+79470125056
+79267688461
+79552266403
+79053725638
+79018354473
+79736314427
+79811351100
+79244284034
+79210777266
+79654820671
+79654714413
+79853136820
+79603318344
+79522441226
+79840525431
+79341688806
+79734536887
+79040281007
+79007687780
+79372244448
+79230253637
+79015068088
+79814663650
+79578564165
+79764384867
+79431214452
+79445550215
+79743078221
+79441860522
+79825401162
+79011316802
+79335288380
+79157582738
+79034180620
+79002385718
+79662500081
+79342756686
+79723456727
+79765177306
+79632308727
+79714460808
+79411467122
+79526334004
+79331352801
+79320417878
+79525416620
+79137845455
+79614756670
+79200744547
+79872353275
+79247305116
+79365873642
+79828228756
+79224146132
+79278362726
+79100861025
+79601744888
+79111774045
+79255540265
+79535312132
+79043447350
+79421472576
+79005147724
+79370863180
+79161627873
+79305262413
+79688561206
+79045737230
+79526616341
+79800644840
+79050842082
+79746603288
+79587121038
+79620088716
+79066451448
+79310645524
+79283780336
+79165787521
+79113567252
+79786445342
+79316611426
+79252202340
+79052453744
+79862033410
+79430113008
+79058410427
+79075385644
+79321767170
+79884744378
+79445240442
+79414446856
+79718022043
+79323080628
+79816031466
+79443787756
+79832328512
+79841462684
+79867655440
+79053523367
+79658732852
+79507108277
+79727676854
+79721600303
+79512468284
+79274423543
+79086286602
+79088670465
+79425738167
+79030614530
+79622475620
+79540485701
+79725702855
+79226313863
+79304000851
+79754381261
+79381052830
+79212541138
+79671474010
+79172503247
+79133206053
+79810225158
+79070603165
+79660738380
+79446341100
+79885634425
+79743803128
+79306082450
+79153748327
+79002531344
+79654321270
+79270217325
+79208447402
+79666563770
+79572146713
+79667410404
+79410671850
+79251532664
+79304253373
+79315605835
+79088028655
+79113473510
+79015520743
+79354468666
+79437450725
+79873108582
+79036816428
+79064370607
+79145570385
+79024487652
+79041103065
+79150240133
+79534642038
+79446562754
+79504150322
+79576424301
+79620705352
+79748747453
+79847422835
+79181225003
+79460878756
+79373806145
+79328785815
+79052263487
+79385765444
+79228407857
+79367385260
+79410840774
+79845323068
+79654420502
+79080040503
+79427752201
+79204322550
+79587833777
+79488561053
+79180112830
+79756638880
+79448387470
+79262235845
+79047408201
+79065857141
+79368262256
+79641167384
+79203808530
+79430418346
+79566424244
+79888656284
+79735062262
+79523261161
+79766865353
+79076311450
+79050324152
+79162747441
+79676050718
+79420170100
+79034160227
+79122876066
+79288841553
+79188154741
+79650673267
+79553310270
+79107240512
+79805703520
+79551467380
+79876777353
+79230015025
+79174068862
+79752085062
+79502634027
+79053534210
+79470671550
+79023484341
